1604343778 97
1604343947 147
1604343963 323
1604344092 484
1604525091 741
1604792520 1068
1604874343 1338
1604874357 1081
1604874904 811
1604874919 811
1604879538 811
1604879558 811
1604879582 811
1605043249 1304
1605078797 1304
1605078816 1304
1605078854 1304
1605222270 1320
1605254038 1326
1605530287 1352
1605530351 1378
1605531946 1394
1605551379 1395
1605551394 1394
1605611508 1368
1605611518 1326
1605611665 1202
1605611674 1188
1605611682 1157
1605611694 1150
1605611704 1015
1605611714 999
1605611832 1000
1605611899 1540
1605612123 1490
1605612133 1443
1605614554 1405
1605614563 1347
1605614574 1307
1605614582 1262
1605614594 1219
1605614608 704
1605614622 704
1605614630 658
1605614639 593
1605614648 541
1605615746 570
1605615909 570
1605615984 572
1605616776 575
1605617266 575
1605617369 578
1605617393 578
1605617431 580
1605617505 581
